(base) jupyter@pdt:~$ python -m fastai.launch /home/jupyter/Xclassifier/xclassifier-chexpert.py
epoch     train_loss  valid_loss  accuracy_multi  roc_auc_score  precision_score  recall_score  f1_score  time    
0         0.363094    0.376528    0.845413        0.617749       0.167219         0.140934      0.131623  09:41     
epoch     train_loss  valid_loss  accuracy_multi  roc_auc_score  precision_score  recall_score  f1_score  time    
0         0.336456    0.461664    0.862622        0.697287       0.278177         0.176727      0.185380  04:06     
1         0.322720    0.103344    0.868256        0.715987       0.315141         0.188841      0.205260  04:05     
2         0.319125    0.641115    0.871534        0.734778       0.325251         0.208348      0.219997  04:06     
3         0.313709    0.137600    0.869062        0.724418       0.331341         0.194783      0.227370  04:06     
4         0.310645    0.107130    0.873553        0.737803       0.346044         0.190285      0.214387  04:06     
5         0.300463    0.111380    0.869246        0.734978       0.341621         0.200407      0.237846  04:06     
6         0.302023    0.890023    0.869472        0.738257       0.317800         0.215471      0.242393  04:06     
7         0.302866    0.921284    0.878681        0.769855       0.336663         0.251642      0.269394  04:06     
8         0.296317    0.804777    0.876023        0.766504       0.353870         0.210833      0.246376  04:06     
9         0.294123    0.135925    0.869412        0.756057       0.343822         0.248836      0.252993  04:05     
10        0.291165    0.303548    0.875724        0.771213       0.551189         0.212545      0.238720  04:06     
11        0.289328    0.368023    0.880876        0.780811       0.449745         0.274785      0.293833  04:06     
12        0.286085    0.000343    0.881343        0.777643       0.572359         0.248416      0.272064  04:05     
13        0.282482    0.683044    0.877733        0.758480       0.589003         0.235434      0.268618  04:05     
14        0.281648    0.174927    0.883706        0.789547       0.632380         0.276424      0.298099  04:05     
15        0.278268    0.220144    0.880402        0.782581       0.638126         0.239879      0.278677  04:06     
16        0.277487    0.986046    0.882232        0.771714       0.634290         0.245330      0.279384  04:06     
17        0.273325    0.547386    0.882856        0.774630       0.571081         0.269649      0.303072  04:06     
18        0.271931    0.540246    0.883583        0.794811       0.595128         0.278875      0.312757  04:05     
19        0.268001    0.786530    0.884188        0.791159       0.604993         0.279784      0.315744  04:05     
20        0.264557    0.419083    0.884012        0.781474       0.596775         0.287962      0.320821  04:05     
21        0.266237    0.866951    0.884647        0.792735       0.584682         0.285316      0.322912  04:05     
22        0.260920    0.850739    0.883361        0.789067       0.567819         0.292743      0.320708  04:05     
23        0.258041    0.886444    0.883446        0.788213       0.560350         0.289969      0.323193  04:05     
24        0.254585    0.500092    0.883833        0.789701       0.555330         0.298180      0.330702  04:05     
25        0.253316    0.103699    0.884356        0.792498       0.550925         0.297790      0.331651  04:05     
26        0.254109    0.998108    0.883871        0.789296       0.548486         0.301130      0.336116  04:05     
27        0.251583    0.933044    0.883032        0.784028       0.547297         0.296083      0.329276  04:05     
28        0.246338    0.772034    0.883714        0.789183       0.544314         0.302425      0.334320  04:05     
29        0.248508    0.503662    0.883476        0.787857       0.539975         0.300250      0.333981  04:05     
[0.17840576171875, 0.8961073160171509, 0.8389973096273359, 0.6824671285222917, 0.34422362288185904, 0.38881109831040145]
[0.17840576171875, 0.8961073160171509, 0.8389973096273359, 0.6824671285222917, 0.34422362288185904, 0.38881109831040145]
[0.17840576171875, 0.8961073160171509, 0.8389973096273359, 0.6824671285222917, 0.34422362288185904, 0.38881109831040145]
[0.17840576171875, 0.8961073160171509, 0.8389973096273359, 0.6824671285222917, 0.34422362288185904, 0.38881109831040145]



